10,53.36762783858705
41,160.3312974772983
23,98.22336026772402
6,39.56586401423721
7,43.01630497032466
2,25.764100189887362
9,49.917186882499585
7,43.01630497032466
55,208.63747086252275
37,146.52953365294846
108,391.5108415351582
19,84.4215964433742
13,63.71895070684943
124,446.7178968325575
40,156.88085652121086
57,215.53835277469767
23,98.22336026772402
14,67.16939166293687
45,174.13306130164815
5,36.115423058149744
48,184.48438416991053
11,56.8180687946745
23,98.22336026772402
7,43.01630497032466
24,101.6738012238115
3,29.21454114597482
6,39.56586401423721
9,49.917186882499585
3,29.21454114597482
29,118.92600600424879
4,32.66498210206228
20,87.87203739946165
4,32.66498210206228
0,18.86321827771244
25,105.12424217989894
6,39.56586401423721
5,36.115423058149744
22,94.77291931163657
11,56.8180687946745
61,229.34011659904752
12,60.268509750761964
4,32.66498210206228
16,74.0702735751118
13,63.71895070684943
60,225.88967564296004
41,160.3312974772983
11,56.8180687946745
27,112.02512409207387
8,46.46674592641212
3,29.21454114597482
17,77.52071453119927
13,63.71895070684943
13,63.71895070684943
15,70.61983261902435
8,46.46674592641212
29,118.92600600424879
30,122.37644696033624
24,101.6738012238115
9,49.917186882499585
31,125.82688791642371
14,67.16939166293687
53,201.73658895034782
26,108.57468313598642
